Event	Purity
0	0
1	1
2	0
3	1
4	0.5
5	1
6	0
7	0
8	0
9	0
10	0
11	0
12	0.6666666666666666
13	1
14	0
15	0
16	0.03333333333333333
17	0
18	0.25
19	1
20	0.11627906976744186
21	0.6
22	0
23	0
24	0.16666666666666666
25	0
26	0.3225806451612903
27	0.8235294117647058
28	1
29	1
30	0
31	1
32	0.5384615384615384
33	1
34	0
35	1
36	0
37	1
38	0
39	0
40	0
41	0.3333333333333333
42	0.6
43	1
44	0.5945945945945946
45	0
46	0.5
47	0
48	0
49	0.18181818181818182
50	0.35714285714285715
51	0.7692307692307693
52	0.45
53	0
54	1
55	1
56	0
57	0
58	0.125
59	0
60	0
61	0
62	0.15789473684210525
63	0
64	0.7142857142857143
65	0.6666666666666666
66	0.6
67	0
68	1
69	0
70	0.5882352941176471
71	1
72	0
73	1
74	1
75	0
76	0.14285714285714285
77	0.8636363636363636
78	0
79	0
80	1
81	0
82	0
83	1
84	0.5
85	1
86	0.02631578947368421
87	1
88	1
89	0.022727272727272728
90	0.5
91	0
92	0
93	0
94	0.9444444444444444
95	0
96	0.8
97	0.7857142857142857
98	0.1388888888888889
99	0
100	0
101	0.4482758620689655
102	0.07142857142857142
103	0
104	0.15555555555555556
105	0.3
106	0
107	0.3125
108	0
109	0.3333333333333333
110	1
111	0
112	1
113	0.15
114	1
115	1
116	0.29411764705882354
117	0
118	1
119	0
120	1
121	0
122	0
123	0.8
124	0
125	0.25
126	0
127	0
128	0.08695652173913043
129	1
130	0
131	0.02631578947368421
132	1
133	0
134	0.5
135	1
136	1
137	0
138	0
139	0.3333333333333333
140	0.6666666666666666
141	0.07407407407407407
142	0.15151515151515152
143	0
144	1
145	0
146	0
147	0
148	0.35714285714285715
149	0
150	0.4230769230769231
151	0
152	0
153	0
154	0.02631578947368421
155	0.6666666666666666
156	0
157	0
158	0.625
159	0.9375
160	0.5
161	0
162	1
163	0.6666666666666666
164	0.5
165	1
166	1
167	0
168	0.041666666666666664
169	0
170	1
171	0.04081632653061224
172	1
173	0.6551724137931034
174	1
175	0.6551724137931034
176	0.5714285714285714
177	0
178	0.4444444444444444
179	1
180	0
181	0
182	1
183	0
184	0.125
185	0
186	0.9545454545454546
187	0.03333333333333333
188	0
189	0
190	1
191	1
192	0
193	0.5
194	1
195	0
196	0
197	0
198	0.75
199	0
200	0.35714285714285715
201	0.8636363636363636
202	0
203	0.2
204	0.022222222222222223
205	0
206	0.15384615384615385
207	0
208	0.8
209	0
210	1
211	1
212	0.5
213	0
214	1
215	0.7948717948717948
216	0.3225806451612903
217	1
218	0
219	0
220	1
221	0.041666666666666664
222	0
223	1
224	0
225	0
226	0.022222222222222223
227	1
228	0.46875
229	1
230	0
231	1
232	0.1388888888888889
233	1
234	0.5833333333333334
235	0
236	0
237	0
238	0
239	1
240	0.36363636363636365
241	0
242	0.03333333333333333
243	0.9302325581395349
244	0.15384615384615385
245	0
246	1
247	0
248	0
249	0.18181818181818182
250	0.044444444444444446
251	0.16666666666666666
252	0
253	1
254	1
255	0
256	1
257	1
258	1
259	0
260	0.5714285714285714
261	0.3333333333333333
262	0.4074074074074074
263	0.8636363636363636
264	1
265	1
266	0
267	0.15789473684210525
268	0
269	0.14285714285714285
270	0
271	0
272	0
273	0
274	0.02040816326530612
275	0.4074074074074074
276	0
277	1
278	0
279	0.09523809523809523
280	0.4
281	1
282	0
283	0.25
284	0.375
285	1
286	0
287	1
288	0
289	0
290	0.5806451612903226
291	0
292	0
293	0
294	1
295	1
296	0.6071428571428571
297	0.14285714285714285
298	1
299	1
300	0.5945945945945946
301	0.15555555555555556
302	0.3333333333333333
303	0
304	0.15384615384615385
305	0
306	0.9444444444444444
307	0.14285714285714285
308	0.043478260869565216
309	0
310	0.5
311	0
312	0
313	0.03333333333333333
314	1
315	0
316	0.5
317	0
318	1
319	1
320	0
321	0
322	1
323	0.7692307692307693
324	0.15
325	0
326	1
327	0.5925925925925926
328	1
329	0.9545454545454546
330	1
331	0.5
332	0
333	0.05714285714285714
334	0
335	0
336	0
337	1
338	0.5
339	0
340	0
341	0.4583333333333333
342	0.3333333333333333
343	0.02040816326530612
344	0
345	1
346	1
347	1
348	0
349	1
350	0.044444444444444446
351	0.02631578947368421
352	0
353	0
354	0.2
355	0.07692307692307693
356	0.25
357	0
358	0.5384615384615384
359	0
360	0.6
361	0.13333333333333333
362	1
363	0.5
364	0
365	0
366	0
367	0
368	0
369	0.9047619047619048
370	0.75
371	0.4583333333333333
372	1
373	0
374	1
375	0.8
376	0.6
377	0.045454545454545456
378	0
379	0.3333333333333333
380	0.8
381	0
382	0.29411764705882354
383	0
384	0.95
385	1
386	0
387	1
388	1
389	0
390	0.9
391	0
392	0.7692307692307693
393	1
394	1
395	0
396	0.55
397	0
398	0.041666666666666664
399	0.2647058823529412
400	0
401	0
402	0
403	1
404	0
405	0.9761904761904762
406	0
407	0.5
408	0.45
409	0.4444444444444444
410	1
411	0.9777777777777777
412	0.03333333333333333
413	0
414	0
415	1
416	1
417	0
418	1
419	1
420	1
421	0
422	0
423	1
424	0.5
425	0.17391304347826086
426	1
427	0
428	1
429	0.5384615384615384
430	0.8421052631578947
431	0
432	0.9565217391304348
433	0
434	0
435	0
436	0.5263157894736842
437	0
438	1
439	1
440	1
441	0.9375
442	0.07142857142857142
443	0
444	0.16666666666666666
445	1
446	0.6666666666666666
447	1
448	1
449	0.125
450	0
451	0
452	0
453	0
454	1
455	1
456	0
457	1
458	1
459	0
460	0
461	0
462	0
463	0
464	0
465	0
466	0
467	0
468	0
469	0
470	0.5
471	0.08695652173913043
472	0.5
473	0.75
474	1
475	0
476	0
477	0
478	0
479	1
480	0
481	0
482	1
483	0
484	0.15555555555555556
485	0
486	1
487	0.18181818181818182
488	1
489	0.4444444444444444
490	0.45
491	0.6
492	0.041666666666666664
493	1
494	0
495	0.782608695652174
496	0.8
497	0.9333333333333333
498	1
499	1
500	0
501	1
502	0.2
503	1
504	0
505	0.075
506	0
507	1
508	0
509	0
510	0.7777777777777778
511	0.6296296296296297
512	0.18181818181818182
513	0
514	0
515	0
516	0.5517241379310345
517	0.6818181818181818
518	0.5
519	0
520	1
521	0.2
522	0.03333333333333333
523	0
524	1
525	0.5882352941176471
526	1
527	1
528	0
529	0.6666666666666666
530	0
531	0
532	0.07142857142857142
533	0
534	0
535	1
536	0.45
537	0
538	0.16666666666666666
539	0
540	0
541	0.15384615384615385
542	0
543	0.782608695652174
544	0
545	0.15
546	1
547	0
548	0
549	1
550	1
551	0
552	1
553	0.8
554	1
555	0
556	0
557	0
558	0.782608695652174
559	0
560	0
561	1
562	0
563	0
564	0
565	1
566	0.15
567	0.1111111111111111
568	0
569	1
570	0
571	0.07407407407407407
572	1
573	0.5
574	0.15555555555555556
575	1
576	1
577	0
578	0.5517241379310345
579	0
580	0
581	0
582	0.4583333333333333
583	1
584	0.9259259259259259
585	0
586	1
587	0
588	1
589	0
590	0
591	0
592	0.02631578947368421
593	0
594	0
595	0.15789473684210525
596	1
597	0
598	1
599	0.2
600	0
601	0
602	0.6666666666666666
603	0.03333333333333333
604	1
605	0
606	0
607	0.29411764705882354
608	1
609	0.9411764705882353
610	0.8
611	1
612	0.4230769230769231
613	0.6428571428571429
614	1
615	0
616	0.034482758620689655
617	0.1
618	0
619	1
620	0
621	0
622	0.45
623	0
624	1
625	0.1
626	0
627	0.8235294117647058
628	0.5
629	0.45
630	0.2857142857142857
631	0
632	0.7857142857142857
633	0.5714285714285714
634	0
635	0
636	0.5
637	1
638	1
639	0
640	0
641	0.05714285714285714
642	0
643	0.04081632653061224
644	0.2222222222222222
645	1
646	0.5714285714285714
647	0
648	1
649	0
650	0.4
651	0
652	0.47058823529411764
653	1
654	0
655	0
656	0.6
657	1
658	0.044444444444444446
659	0.3333333333333333
660	1
661	0.5
662	0.3333333333333333
663	0.17391304347826086
664	0.8
665	1
666	0.02040816326530612
667	0.35714285714285715
668	0
669	1
670	1
671	0
672	1
673	1
674	1
675	0.6296296296296297
676	0
677	1
678	0
679	0.5945945945945946
680	1
681	1
682	0.5833333333333334
683	1
684	1
685	1
686	0
687	0.05714285714285714
688	0.02631578947368421
689	0.5
690	1
691	1
692	0
693	0.14285714285714285
694	0.8333333333333334
695	0
696	1
697	1
698	0.3225806451612903
699	0
700	0.5
701	0.075
702	0
703	1
704	1
705	0
706	0
707	0.14285714285714285
708	0
709	1
710	0.5
711	1
712	0
713	0.4482758620689655
714	0.3333333333333333
715	0
716	1
717	1
718	0
719	0.05714285714285714
720	0
721	0
722	1
723	0.5
724	1
725	0
726	1
727	0
728	0.1111111111111111
729	0
730	0
731	0
732	0.03333333333333333
733	0.7948717948717948
734	1
735	0.6296296296296297
736	0
737	0
738	1
739	0.04081632653061224
740	0
741	0
742	0.8571428571428571
743	0
744	0.35294117647058826
745	0.6428571428571429
746	0
747	0.4482758620689655
748	0
749	0
750	0
751	0.5
752	0
753	1
754	0
755	0.075
756	1
757	0.75
758	0.5
759	1
760	0.6818181818181818
761	0.868421052631579
762	0.47058823529411764
763	0
764	0.6666666666666666
765	0
766	0
767	1
768	0
769	1
770	0
771	0
772	1
773	0
774	0.022222222222222223
775	0
776	0.6
777	0.15555555555555556
778	1
779	0.76
780	0.6428571428571429
781	0.9
782	0.5
783	0
784	0
785	0
786	0.6923076923076923
787	0.7
788	1
789	0
790	1
791	0.5
792	0
793	0
794	0
795	0
796	1
797	1
798	0
799	0
800	0.9565217391304348
801	1
802	0.5
803	0.13333333333333333
804	1
805	0.2222222222222222
806	0
807	0
808	0.6
809	0.8571428571428571
810	0
811	0.11627906976744186
812	0
813	0.5
814	1
815	1
816	1
817	0.04081632653061224
818	0
819	1
820	0.02040816326530612
821	0.375
822	0
823	0
824	0
825	1
826	0.9090909090909091
827	0
828	0.08695652173913043
829	0
830	0.044444444444444446
831	0.16666666666666666
832	0.044444444444444446
833	1
834	0
835	0.18181818181818182
836	0
837	0.6
838	0.6818181818181818
839	0.3333333333333333
840	0.7647058823529411
841	0
842	0.29411764705882354
843	0.868421052631579
844	1
845	1
846	0
847	0
848	0.1
849	0.6296296296296297
850	0.9166666666666666
851	0.4
852	0
853	0.3333333333333333
854	0
855	0
856	0.7692307692307693
857	1
858	0
859	0.3333333333333333
860	0
861	0.42857142857142855
862	0
863	0
864	0
865	0.5365853658536586
866	0.9411764705882353
867	0.1
868	0
869	0.75
870	0
871	0
872	0.25
873	0.02040816326530612
874	1
875	0.6071428571428571
876	0
877	1
878	0
879	0.3225806451612903
880	0.7948717948717948
881	1
882	0
883	1
884	0
885	1
886	0.3333333333333333
887	0.8
888	1
889	0.8636363636363636
890	0
891	1
892	1
893	0.45
894	0.6666666666666666
895	0.6666666666666666
896	0
897	0
898	0.3333333333333333
899	1
900	0.13333333333333333
901	0
902	1
903	0
904	0
905	0.07142857142857142
906	0
907	1
908	1
909	0
910	1
911	0.5
912	1
913	0.1
914	0
915	0
916	0.5882352941176471
917	0.5238095238095238
918	1
919	1
920	0
921	1
922	0
923	0
924	1
925	0
926	1
927	0.75
928	1
929	0.8
930	0
931	0
932	1
933	0
934	0.6666666666666666
935	0
936	0
937	0
938	0
939	1
940	0
941	1
942	0
943	0.4
944	0
945	0.14285714285714285
946	0
947	0
948	0
949	0.35714285714285715
950	1
951	0
952	0
953	1
954	0.3333333333333333
955	0
956	0.6
957	0
958	1
959	1
960	1
961	0
962	0
963	0
964	0
965	0.6470588235294118
966	0
967	0
968	0.9777777777777777
969	0.3125
970	0
971	1
972	1
973	0
974	0.8571428571428571
975	0
976	1
977	0
978	0.041666666666666664
979	0.043478260869565216
980	0.8125
981	0
982	0
983	0
984	1
985	1
986	0.4
987	0.3
988	0.782608695652174
989	0.9473684210526315
990	0.6
991	0.15151515151515152
992	0
993	0
994	0.8
995	0.13333333333333333
996	1
997	0.1111111111111111
998	1
999	0.8
